<?xml version="1.0"?>
<opencv_storage>
<intrinsic type_id="opencv-matrix">
  <rows>3</rows>
  <cols>3</cols>
  <dt>f</dt>
  <data>
    6.18660095e+02 0. 3.63359711e+02 0. 6.19420959e+02 2.44436401e+02 0.
    0. 1.</data></intrinsic>
<rotation type_id="opencv-matrix">
  <rows>1</rows>
  <cols>3</cols>
  <dt>f</dt>
  <data>
    2.02006388e+00 -1.91737640e+00 5.50043702e-01</data></rotation>
<translation type_id="opencv-matrix">
  <rows>1</rows>
  <cols>3</cols>
  <dt>f</dt>
  <data>
    1.76836029e+02 8.26853790e+01 6.40652405e+02</data></translation>
<distortion type_id="opencv-matrix">
  <rows>1</rows>
  <cols>4</cols>
  <dt>f</dt>
  <data>
    -6.74981028e-02 7.59445131e-02 -6.30113482e-03 1.19545208e-02</data></distortion>
</opencv_storage>
